3,2
3,1
3,3
10,212
10,72
10,74
10,312
10,172
10,154
10,162
10,218
11,26
11,4
11,28
8,7
8,6
8,15
8,13
21,3
21,2
21,1
21,0
20,3
20,2
20,1
19,3
19,2
19,1
12,3
12,2
12,1
11,29
11,24
11,23
11,18
11,17
11,16
11,14
11,13
11,12
11,10
11,9
11,8
11,7
11,5
11,3
11,2
11,1
10,299
10,270
10,259
10,254
10,236
10,220
10,169
18,1
18,3
10,141
10,125
10,120
10,117
10,101
2,2
2,1
2,3
10,92
10,82
10,35
10,10
10,3
10,2
10,1
9,7
9,6
9,5
9,4
9,3
9,2
9,1
8,18
8,16
8,11
8,10
8,9
8,5
8,1
8,4
8,3
8,2
0,273
35,1
35,3
0,270
13,1
13,3
14,1
